29,4
31,6
24,6
0,536
0,474
25,2
30,4
30,1
30,3
31,5
31,1
31,3
28,4
29,1
29,3
28,5
28,1
28,3
42,35
14,4
3,2
3,1
3,3
10,105
10,263
10,133
10,87
10,187
10,163
10,185
11,18
38,3
38,2
38,1
38,0
35,7
35,6
35,5
35,4
35,3
35,2
35,1
35,0
34,5
34,4
34,3
8,10
8,11
8,9
8,5
34,2
34,1
34,0
33,19
33,18
33,17
33,16
33,15
33,14
33,13
33,12
33,11
33,10
33,9
33,8
33,7
8,15
33,6
33,5
33,4
33,3
8,18
8,2
8,3
33,2
33,1
33,0
32,4
32,3
32,1
27,5
27,4
27,3
27,1
26,4
26,3
26,1
25,5
25,4
25,3
25,1
24,5
24,4
24,3
24,1
12,3
12,2
12,1
11,30
11,29
11,28
11,26
20,2
20,1
11,24
11,23
11,17
11,16
20,3
11,14
11,13
11,11
11,7
11,5
11,3
19,2
11,2
19,1
11,1
19,3
10,317
10,311
